0 1000
1 1000
2 1000
3 0
0 1000
1 1000
2 1000
3 0
0 1000
1 1000
2 1000
3 0
0 1000
1 1000
2 1000
3 0
0 1000
1 1000
2 1000
3 0
0 1000
1 1000
2 1000
3 0
0 1000
1 1000
2 1000
3 0
0 46
1 1000
2 1000
3 0
0 46
1 1000
2 1000
3 0
0 46
1 1000
2 1000
3 0
0 46
1 1000
2 1000
3 0
0 46
1 1000
2 1000
3 0
0 46
1 1000
2 1000
3 0
0 46
1 1000
2 1000
3 0
0 46
1 1000
2 1000
3 0
0 46
1 1000
2 1000
3 0
0 46
1 1000
2 1000
3 0
0 46
1 1000
2 1000
3 0
0 46
1 1000
2 1000
3 0
0 46
1 1000
2 1000
3 0
0 46
1 1000
2 1000
3 0
0 46
1 1000
2 1000
3 0
0 46
1 1000
2 1000
3 0
0 46
1 1000
2 1000
3 0
0 46
1 1000
2 1000
3 0
0 46
1 1000
2 1000
3 0
0 46
1 1000
2 1000
3 0
0 46
1 1000
2 1000
3 0
0 46
1 1000
2 1000
3 0
0 46
1 1000
2 1000
3 0
0 46
1 1000
2 1000
3 0
0 46
1 1000
2 1000
3 0
0 46
1 1000
2 1000
3 0
0 46
1 1000
2 1000
3 0
0 46
1 1000
2 1000
3 0
0 46
1 1000
2 1000
3 0
0 46
1 1000
2 1000
3 0
0 46
1 1000
2 1000
3 0
0 46
1 1000
2 1000
3 0
0 46
1 1000
2 1000
3 0
0 46
1 1000
2 1000
3 0
0 46
1 1000
2 1000
3 0
0 46
1 1000
2 1000
3 0
0 46
1 1000
2 1000
3 0
0 46
1 1000
2 1000
3 0
0 46
1 1000
2 1000
3 0
0 46
1 1000
2 1000
3 0
0 46
1 1000
2 1000
3 0
0 46
1 1000
2 1000
3 0
0 46
1 1000
2 1000
3 0
